Metric,Value
Arm 0,14
Arm 1,1
Arm 2,6
Arm 3,9
Total score,384
Expected score,400.0
